43.015 -107.931 -81.521 -10.119
43.015 -107.931 -81.520 -10.119
43.016 -107.930 -81.519 -10.119
43.017 -107.929 -81.517 -10.119
43.019 -107.927 -81.514 -10.119
43.022 -107.926 -81.510 -10.119
43.025 -107.923 -81.505 -10.119
43.029 -107.921 -81.500 -10.119
43.033 -107.918 -81.493 -10.119
43.037 -107.914 -81.486 -10.119
43.043 -107.911 -81.478 -10.118
43.048 -107.906 -81.468 -10.118
43.055 -107.902 -81.458 -10.118
43.061 -107.897 -81.447 -10.118
43.069 -107.891 -81.435 -10.118
43.076 -107.886 -81.422 -10.117
43.084 -107.879 -81.408 -10.117
43.093 -107.873 -81.392 -10.117
43.102 -107.866 -81.376 -10.116
43.112 -107.859 -81.359 -10.116
43.122 -107.851 -81.341 -10.115
43.132 -107.843 -81.322 -10.115
43.143 -107.834 -81.302 -10.114
43.155 -107.825 -81.280 -10.114
43.167 -107.816 -81.258 -10.113
43.179 -107.806 -81.234 -10.113
43.192 -107.796 -81.210 -10.112
43.205 -107.786 -81.184 -10.111
43.218 -107.775 -81.157 -10.110
43.232 -107.764 -81.130 -10.110
43.247 -107.753 -81.101 -10.109
43.262 -107.741 -81.070 -10.108
43.277 -107.728 -81.039 -10.107
43.292 -107.716 -81.006 -10.106
43.308 -107.703 -80.973 -10.105
43.324 -107.689 -80.938 -10.104
43.341 -107.676 -80.902 -10.102
43.357 -107.662 -80.864 -10.101
43.374 -107.647 -80.826 -10.100
43.391 -107.633 -80.786 -10.098
43.409 -107.618 -80.744 -10.097
43.426 -107.602 -80.702 -10.095
43.444 -107.587 -80.658 -10.094
43.461 -107.571 -80.612 -10.092
43.479 -107.555 -80.565 -10.090
43.497 -107.539 -80.517 -10.088
43.514 -107.522 -80.467 -10.086
43.532 -107.505 -80.416 -10.084
43.550 -107.488 -80.363 -10.082
43.567 -107.471 -80.309 -10.079
43.585 -107.454 -80.253 -10.077
43.602 -107.436 -80.195 -10.074
43.619 -107.418 -80.136 -10.071
43.636 -107.400 -80.075 -10.068
43.653 -107.382 -80.012 -10.065
43.669 -107.363 -79.948 -10.062
43.685 -107.345 -79.881 -10.058
43.701 -107.326 -79.813 -10.055
43.716 -107.307 -79.742 -10.051
43.731 -107.288 -79.670 -10.047
43.745 -107.269 -79.596 -10.043
43.759 -107.250 -79.519 -10.038
43.772 -107.231 -79.441 -10.034
43.785 -107.211 -79.361 -10.029
43.797 -107.192 -79.278 -10.024
43.809 -107.172 -79.194 -10.019
43.820 -107.153 -79.107 -10.014
43.830 -107.133 -79.018 -10.008
43.839 -107.114 -78.927 -10.003
43.848 -107.094 -78.834 -9.997 
43.855 -107.074 -78.739 -9.991 
43.862 -107.055 -78.642 -9.984 
43.868 -107.035 -78.542 -9.978 
43.873 -107.016 -78.440 -9.971 
43.876 -106.996 -78.336 -9.965 
43.879 -106.977 -78.230 -9.958 
43.881 -106.958 -78.122 -9.951 
43.881 -106.938 -78.012 -9.943 
43.880 -106.919 -77.899 -9.936 
43.879 -106.900 -77.785 -9.928 
43.875 -106.882 -77.668 -9.920 
43.871 -106.863 -77.549 -9.912 
43.865 -106.844 -77.428 -9.904 
43.858 -106.826 -77.304 -9.896 
43.849 -106.808 -77.179 -9.887 
43.839 -106.790 -77.051 -9.878 
43.828 -106.772 -76.921 -9.869 
43.815 -106.755 -76.789 -9.860 
43.800 -106.738 -76.655 -9.851 
43.784 -106.721 -76.519 -9.841 
43.766 -106.704 -76.380 -9.831 
43.747 -106.687 -76.240 -9.821 
43.726 -106.671 -76.097 -9.811 
43.703 -106.655 -75.952 -9.801 
43.678 -106.639 -75.805 -9.790 
43.652 -106.624 -75.656 -9.779 
43.624 -106.609 -75.504 -9.768 
43.595 -106.594 -75.351 -9.757 
43.563 -106.579 -75.195 -9.745 
43.530 -106.565 -75.038 -9.733 
43.495 -106.551 -74.878 -9.721 
43.458 -106.538 -74.716 -9.709 
43.419 -106.525 -74.551 -9.696 
43.378 -106.512 -74.385 -9.683 
43.336 -106.499 -74.217 -9.670 
43.292 -106.487 -74.046 -9.656 
43.245 -106.476 -73.874 -9.642 
43.197 -106.464 -73.699 -9.628 
43.147 -106.454 -73.522 -9.614 
43.095 -106.443 -73.343 -9.599 
43.042 -106.433 -73.163 -9.584 
42.986 -106.424 -72.979 -9.568 
42.929 -106.414 -72.794 -9.553 
42.869 -106.406 -72.607 -9.537 
42.808 -106.397 -72.418 -9.520 
42.745 -106.389 -72.226 -9.504 
42.680 -106.382 -72.033 -9.487 
42.614 -106.375 -71.837 -9.469 
42.545 -106.368 -71.639 -9.452 
42.475 -106.362 -71.439 -9.434 
42.403 -106.357 -71.237 -9.416 
42.330 -106.351 -71.032 -9.397 
42.254 -106.347 -70.826 -9.379 
42.177 -106.342 -70.617 -9.360 
42.098 -106.338 -70.406 -9.340 
42.018 -106.335 -70.193 -9.321 
41.936 -106.332 -69.978 -9.301 
41.852 -106.329 -69.760 -9.281 
41.767 -106.327 -69.540 -9.261 
41.680 -106.326 -69.318 -9.241 
41.592 -106.325 -69.094 -9.220 
41.503 -106.324 -68.868 -9.199 
41.411 -106.324 -68.639 -9.178 
41.319 -106.324 -68.409 -9.157 
41.225 -106.325 -68.175 -9.136 
41.129 -106.326 -67.940 -9.114 
41.033 -106.327 -67.703 -9.093 
40.934 -106.329 -67.463 -9.071 
40.835 -106.332 -67.221 -9.049 
40.734 -106.335 -66.977 -9.027 
40.632 -106.338 -66.730 -9.005 
40.529 -106.342 -66.482 -8.983 
40.424 -106.346 -66.231 -8.961 
40.319 -106.351 -65.978 -8.939 
40.212 -106.356 -65.723 -8.917 
40.103 -106.362 -65.466 -8.894 
39.994 -106.368 -65.207 -8.872 
39.882 -106.375 -64.946 -8.850 
39.770 -106.382 -64.683 -8.827 
39.656 -106.389 -64.417 -8.804 
39.540 -106.397 -64.150 -8.782 
39.423 -106.406 -63.880 -8.759 
39.305 -106.414 -63.608 -8.736 
39.185 -106.424 -63.335 -8.713 
39.063 -106.434 -63.059 -8.690 
38.939 -106.444 -62.781 -8.667 
38.814 -106.455 -62.500 -8.643 
38.687 -106.466 -62.218 -8.620 
38.558 -106.478 -61.934 -8.596 
38.427 -106.490 -61.647 -8.573 
38.295 -106.503 -61.359 -8.549 
38.160 -106.517 -61.068 -8.525 
38.024 -106.530 -60.776 -8.501 
37.886 -106.545 -60.482 -8.477 
37.746 -106.559 -60.187 -8.452 
37.605 -106.575 -59.890 -8.428 
37.462 -106.590 -59.591 -8.404 
37.317 -106.607 -59.291 -8.379 
37.170 -106.623 -58.990 -8.355 
37.022 -106.640 -58.687 -8.330 
36.872 -106.658 -58.383 -8.306 
36.721 -106.676 -58.076 -8.281 
36.569 -106.694 -57.768 -8.256 
36.415 -106.713 -57.459 -8.232 
36.259 -106.732 -57.147 -8.207 
36.102 -106.751 -56.833 -8.182 
35.944 -106.771 -56.517 -8.158 
35.785 -106.791 -56.200 -8.133 
35.624 -106.811 -55.880 -8.108 
35.462 -106.832 -55.558 -8.084 
35.299 -106.853 -55.234 -8.059 
35.136 -106.874 -54.908 -8.035 
34.971 -106.896 -54.580 -8.010 
34.805 -106.917 -54.249 -7.986 
34.638 -106.939 -53.917 -7.961 
34.470 -106.961 -53.582 -7.937 
34.302 -106.984 -53.246 -7.913 
34.133 -107.006 -52.907 -7.889 
33.963 -107.029 -52.566 -7.865 
33.792 -107.052 -52.223 -7.841 
33.621 -107.075 -51.877 -7.817 
33.450 -107.098 -51.530 -7.794 
33.277 -107.121 -51.180 -7.770 
33.104 -107.145 -50.827 -7.747 
32.931 -107.168 -50.473 -7.724 
32.757 -107.192 -50.116 -7.700 
32.582 -107.215 -49.757 -7.677 
32.407 -107.239 -49.396 -7.655 
32.231 -107.263 -49.032 -7.632 
32.055 -107.286 -48.667 -7.609 
31.878 -107.310 -48.299 -7.587 
31.701 -107.334 -47.929 -7.564 
31.524 -107.358 -47.556 -7.542 
31.346 -107.382 -47.182 -7.520 
31.167 -107.406 -46.805 -7.498 
30.989 -107.430 -46.426 -7.476 
30.809 -107.454 -46.044 -7.454 
30.630 -107.477 -45.661 -7.433 
30.450 -107.501 -45.275 -7.411 
30.270 -107.525 -44.887 -7.390 
30.089 -107.549 -44.497 -7.369 
29.908 -107.572 -44.104 -7.348 
29.727 -107.596 -43.709 -7.328 
29.546 -107.620 -43.312 -7.307 
29.364 -107.643 -42.913 -7.287 
29.183 -107.667 -42.512 -7.267 
29.001 -107.690 -42.108 -7.247 
28.819 -107.713 -41.702 -7.227 
28.636 -107.736 -41.294 -7.207 
28.454 -107.759 -40.884 -7.188 
28.271 -107.782 -40.471 -7.169 
28.089 -107.805 -40.057 -7.150 
27.906 -107.827 -39.640 -7.131 
27.723 -107.850 -39.221 -7.112 
27.540 -107.872 -38.799 -7.094 
27.356 -107.894 -38.376 -7.076 
27.173 -107.916 -37.951 -7.058 
26.989 -107.938 -37.523 -7.040 
26.806 -107.960 -37.093 -7.022 
26.622 -107.981 -36.661 -7.005 
26.438 -108.003 -36.227 -6.988 
26.254 -108.024 -35.791 -6.971 
26.069 -108.045 -35.352 -6.954 
25.885 -108.066 -34.911 -6.937 
25.700 -108.087 -34.468 -6.921 
25.516 -108.107 -34.023 -6.905 
25.331 -108.128 -33.577 -6.888 
25.147 -108.148 -33.129 -6.873 
24.963 -108.168 -32.680 -6.857 
24.779 -108.187 -32.230 -6.842 
24.596 -108.207 -31.780 -6.827 
24.413 -108.226 -31.330 -6.812 
24.231 -108.245 -30.879 -6.797 
24.050 -108.264 -30.429 -6.783 
23.870 -108.283 -29.978 -6.769 
23.690 -108.301 -29.528 -6.755 
23.511 -108.319 -29.078 -6.742 
23.332 -108.337 -28.628 -6.728 
23.154 -108.354 -28.178 -6.715 
22.977 -108.372 -27.729 -6.703 
22.801 -108.389 -27.279 -6.690 
22.625 -108.406 -26.829 -6.678 
22.449 -108.423 -26.379 -6.666 
22.274 -108.439 -25.929 -6.654 
22.100 -108.456 -25.479 -6.642 
21.926 -108.472 -25.029 -6.631 
21.753 -108.488 -24.579 -6.620 
21.581 -108.504 -24.129 -6.610 
21.409 -108.519 -23.679 -6.599 
21.237 -108.535 -23.230 -6.589 
21.067 -108.550 -22.780 -6.579 
20.896 -108.565 -22.330 -6.570 
20.727 -108.580 -21.880 -6.560 
20.558 -108.594 -21.430 -6.551 
20.389 -108.609 -20.980 -6.543 
20.221 -108.623 -20.530 -6.534 
20.054 -108.638 -20.080 -6.526 
19.887 -108.652 -19.630 -6.518 
19.721 -108.665 -19.180 -6.511 
19.555 -108.679 -18.731 -6.504 
19.390 -108.693 -18.281 -6.497 
19.225 -108.706 -17.831 -6.490 
19.061 -108.719 -17.381 -6.484 
18.897 -108.733 -16.931 -6.478 
18.734 -108.746 -16.481 -6.472 
18.571 -108.758 -16.031 -6.467 
18.409 -108.771 -15.581 -6.462 
18.247 -108.784 -15.131 -6.457 
18.086 -108.796 -14.681 -6.453 
17.925 -108.809 -14.231 -6.448 
17.765 -108.821 -13.781 -6.445 
17.605 -108.833 -13.331 -6.441 
17.445 -108.845 -12.882 -6.438 
17.286 -108.857 -12.432 -6.435 
17.127 -108.868 -11.982 -6.433 
16.969 -108.880 -11.532 -6.431 
16.811 -108.891 -11.082 -6.429 
16.654 -108.903 -10.632 -6.428 
16.496 -108.914 -10.182 -6.427 
16.340 -108.925 -9.732 -6.426
16.183 -108.936 -9.281 -6.426
16.027 -108.947 -8.831 -6.426
15.871 -108.958 -8.381 -6.426
15.716 -108.969 -7.931 -6.427
15.561 -108.979 -7.481 -6.428
15.406 -108.990 -7.031 -6.429
15.252 -109.000 -6.581 -6.431
15.098 -109.011 -6.132 -6.433
14.944 -109.021 -5.684 -6.435
14.791 -109.031 -5.236 -6.438
14.639 -109.041 -4.790 -6.441
14.487 -109.051 -4.344 -6.444
14.336 -109.061 -3.900 -6.448
14.185 -109.071 -3.457 -6.452
14.035 -109.080 -3.016 -6.457
13.886 -109.090 -2.576 -6.462
13.738 -109.099 -2.138 -6.467
13.590 -109.109 -1.702 -6.472
13.443 -109.118 -1.268 -6.478
13.297 -109.127 -0.835 -6.484
13.151 -109.136 -0.405 -6.490
13.006 -109.145 0.023 -6.497
12.862 -109.154 0.449 -6.504
12.719 -109.162 0.873 -6.511
12.577 -109.171 1.295 -6.519
12.435 -109.179 1.715 -6.527
12.294 -109.188 2.132 -6.535
12.154 -109.196 2.548 -6.543
12.014 -109.204 2.962 -6.552
11.875 -109.213 3.374 -6.561
11.736 -109.221 3.783 -6.570
11.598 -109.229 4.191 -6.580
11.461 -109.237 4.597 -6.590
11.324 -109.245 5.001 -6.600
11.188 -109.252 5.403 -6.610
11.053 -109.260 5.802 -6.621
10.918 -109.268 6.200 -6.632
10.783 -109.275 6.596 -6.644
10.649 -109.283 6.989 -6.655
10.516 -109.290 7.381 -6.667
10.383 -109.298 7.770 -6.679
10.251 -109.305 8.158 -6.691
10.119 -109.312 8.543 -6.704
9.988 -109.319 8.926 -6.717
9.857 -109.327 9.307 -6.730
9.727 -109.334 9.686 -6.743
9.597 -109.341 10.063 -6.757
9.468 -109.348 10.438 -6.771
9.339 -109.355 10.811 -6.785
9.210 -109.361 11.182 -6.800
9.082 -109.368 11.550 -6.814
8.955 -109.375 11.917 -6.829
8.828 -109.382 12.282 -6.845
8.701 -109.388 12.644 -6.860
8.575 -109.395 13.005 -6.876
8.449 -109.401 13.363 -6.892
8.323 -109.408 13.720 -6.908
8.198 -109.414 14.074 -6.925
8.073 -109.421 14.427 -6.942
7.949 -109.427 14.777 -6.959
7.825 -109.433 15.126 -6.976
7.701 -109.440 15.472 -6.994
7.577 -109.446 15.816 -7.012
7.454 -109.452 16.158 -7.030
7.331 -109.458 16.498 -7.048
7.209 -109.464 16.836 -7.067
7.086 -109.470 17.172 -7.086
6.965 -109.477 17.506 -7.105
6.843 -109.483 17.838 -7.125
6.722 -109.488 18.167 -7.144
6.600 -109.494 18.494 -7.165
6.480 -109.500 18.819 -7.185
6.359 -109.506 19.142 -7.206
6.239 -109.512 19.463 -7.227
6.119 -109.518 19.782 -7.248
5.999 -109.523 20.098 -7.269
5.879 -109.529 20.413 -7.291
5.760 -109.535 20.725 -7.313
5.640 -109.540 21.035 -7.336
5.521 -109.546 21.343 -7.359
5.402 -109.552 21.649 -7.382
5.284 -109.557 21.952 -7.405
5.165 -109.563 22.254 -7.429
5.046 -109.568 22.553 -7.453
4.928 -109.573 22.850 -7.478
4.810 -109.579 23.145 -7.502
4.692 -109.584 23.438 -7.527
4.574 -109.590 23.729 -7.553
4.456 -109.595 24.017 -7.579
4.338 -109.600 24.303 -7.605
4.220 -109.606 24.587 -7.631
4.102 -109.611 24.869 -7.658
3.985 -109.616 25.149 -7.685
3.867 -109.621 25.426 -7.713
3.750 -109.626 25.701 -7.741
3.632 -109.631 25.975 -7.769
3.515 -109.637 26.246 -7.798
3.397 -109.642 26.514 -7.827
3.280 -109.647 26.781 -7.856
3.162 -109.652 27.045 -7.886
3.045 -109.657 27.308 -7.917
2.927 -109.662 27.568 -7.947
2.810 -109.666 27.826 -7.978
2.692 -109.671 28.082 -8.010
2.574 -109.676 28.335 -8.042
2.457 -109.681 28.587 -8.074
2.339 -109.686 28.836 -8.107
2.221 -109.691 29.084 -8.140
2.102 -109.695 29.329 -8.174
1.984 -109.700 29.572 -8.209
1.865 -109.705 29.813 -8.243
1.747 -109.710 30.052 -8.279
1.628 -109.714 30.289 -8.314
1.508 -109.719 30.523 -8.351
1.389 -109.723 30.756 -8.388
1.269 -109.728 30.986 -8.425
1.148 -109.733 31.214 -8.463
1.028 -109.737 31.440 -8.502
0.907 -109.742 31.664 -8.541
0.785 -109.746 31.886 -8.581
0.664 -109.750 32.105 -8.622
0.542 -109.755 32.323 -8.663
0.419 -109.759 32.538 -8.704
0.296 -109.764 32.751 -8.747
0.173 -109.768 32.961 -8.790
0.049 -109.772 33.170 -8.834
-0.075 -109.776 33.376 -8.878
-0.199 -109.781 33.580 -8.923
-0.324 -109.785 33.782 -8.969
-0.449 -109.789 33.981 -9.015
-0.575 -109.793 34.179 -9.062
-0.701 -109.797 34.374 -9.110
-0.828 -109.801 34.567 -9.159
-0.955 -109.805 34.758 -9.208
-1.083 -109.809 34.946 -9.258
-1.211 -109.812 35.133 -9.309
-1.339 -109.816 35.317 -9.360
-1.468 -109.820 35.499 -9.413
-1.598 -109.824 35.679 -9.466
-1.728 -109.827 35.856 -9.520
-1.859 -109.831 36.032 -9.575
-1.990 -109.834 36.205 -9.630
-2.122 -109.838 36.376 -9.687
-2.254 -109.841 36.545 -9.744
-2.387 -109.844 36.711 -9.802
-2.521 -109.847 36.876 -9.861
-2.655 -109.850 37.038 -9.921
-2.789 -109.854 37.198 -9.982
-2.925 -109.856 37.355 -10.044 
-3.061 -109.859 37.511 -10.107 
-3.197 -109.862 37.664 -10.170 
-3.334 -109.865 37.815 -10.235 
-3.472 -109.867 37.964 -10.300 
-3.610 -109.870 38.110 -10.367 
-3.748 -109.872 38.254 -10.434 
-3.888 -109.875 38.396 -10.502 
-4.027 -109.877 38.536 -10.571 
-4.168 -109.879 38.674 -10.642 
-4.309 -109.881 38.809 -10.713 
-4.450 -109.883 38.942 -10.785 
-4.592 -109.884 39.073 -10.858 
-4.734 -109.886 39.201 -10.931 
-4.876 -109.887 39.328 -11.006 
-5.019 -109.889 39.452 -11.082 
-5.162 -109.890 39.574 -11.158 
-5.306 -109.891 39.694 -11.235 
-5.450 -109.892 39.812 -11.313 
-5.593 -109.893 39.928 -11.392 
-5.737 -109.893 40.041 -11.472 
-5.881 -109.894 40.153 -11.552 
-6.025 -109.894 40.262 -11.633 
-6.169 -109.894 40.369 -11.715 
-6.313 -109.895 40.474 -11.797 
-6.457 -109.894 40.577 -11.879 
-6.600 -109.894 40.678 -11.962 
-6.743 -109.894 40.777 -12.046 
-6.885 -109.893 40.873 -12.130 
-7.027 -109.892 40.968 -12.214 
-7.168 -109.892 41.060 -12.298 
-7.308 -109.891 41.150 -12.383 
-7.448 -109.889 41.238 -12.468 
-7.587 -109.888 41.324 -12.553 
-7.725 -109.887 41.408 -12.637 
-7.863 -109.885 41.490 -12.722 
-7.999 -109.883 41.570 -12.807 
-8.135 -109.881 41.648 -12.892 
-8.269 -109.879 41.724 -12.977 
-8.403 -109.877 41.798 -13.062 
-8.536 -109.875 41.871 -13.146 
-8.668 -109.873 41.942 -13.231 
-8.799 -109.870 42.011 -13.315 
-8.929 -109.868 42.079 -13.400 
-9.058 -109.865 42.145 -13.484 
-9.186 -109.862 42.209 -13.568 
-9.314 -109.859 42.272 -13.651 
-9.440 -109.856 42.334 -13.735 
-9.565 -109.853 42.394 -13.818 
-9.690 -109.849 42.453 -13.901 
-9.814 -109.846 42.511 -13.984 
-9.937 -109.842 42.567 -14.066 
-10.059 -109.839 42.622 -14.149
-10.180 -109.835 42.677 -14.231
-10.301 -109.831 42.730 -14.313
-10.420 -109.827 42.782 -14.395
-10.539 -109.823 42.832 -14.476
-10.658 -109.819 42.882 -14.558
-10.775 -109.815 42.931 -14.639
-10.892 -109.810 42.979 -14.720
-11.008 -109.806 43.026 -14.801
-11.124 -109.801 43.073 -14.881
-11.239 -109.797 43.118 -14.962
-11.353 -109.792 43.162 -15.042
-11.467 -109.787 43.206 -15.122
-11.580 -109.782 43.249 -15.201
-11.693 -109.777 43.291 -15.281
-11.805 -109.772 43.332 -15.360
-11.917 -109.767 43.373 -15.440
-12.028 -109.762 43.413 -15.519
-12.139 -109.756 43.453 -15.598
-12.249 -109.751 43.492 -15.677
-12.359 -109.745 43.530 -15.756
-12.469 -109.739 43.568 -15.835
-12.579 -109.734 43.605 -15.914
-12.689 -109.728 43.642 -15.993
-12.798 -109.722 43.679 -16.072
-12.907 -109.716 43.715 -16.151
-13.017 -109.710 43.750 -16.230
-13.125 -109.703 43.785 -16.309
-13.234 -109.697 43.820 -16.388
-13.343 -109.691 43.854 -16.466
-13.451 -109.684 43.888 -16.545
-13.559 -109.677 43.921 -16.624
-13.667 -109.671 43.954 -16.703
-13.775 -109.664 43.987 -16.782
-13.883 -109.657 44.019 -16.861
-13.990 -109.650 44.051 -16.939
-14.098 -109.642 44.083 -17.018
-14.205 -109.635 44.114 -17.097
-14.312 -109.628 44.144 -17.175
-14.419 -109.620 44.175 -17.254
-14.525 -109.613 44.205 -17.332
-14.632 -109.605 44.235 -17.410
-14.738 -109.598 44.264 -17.489
-14.844 -109.590 44.293 -17.567
-14.950 -109.582 44.322 -17.645
-15.056 -109.574 44.350 -17.722
-15.161 -109.566 44.378 -17.800
-15.266 -109.558 44.406 -17.878
-15.372 -109.549 44.433 -17.955
-15.477 -109.541 44.460 -18.033
-15.581 -109.532 44.487 -18.110
-15.686 -109.524 44.514 -18.187
-15.790 -109.515 44.540 -18.264
-15.894 -109.506 44.566 -18.340
-15.997 -109.498 44.592 -18.416
-16.100 -109.489 44.617 -18.492
-16.203 -109.480 44.642 -18.568
-16.305 -109.471 44.667 -18.643
-16.407 -109.462 44.692 -18.718
-16.508 -109.453 44.716 -18.793
-16.609 -109.444 44.740 -18.867
-16.710 -109.434 44.763 -18.941
-16.810 -109.425 44.786 -19.014
-16.909 -109.416 44.809 -19.087
-17.008 -109.406 44.832 -19.160
-17.107 -109.397 44.855 -19.233
-17.205 -109.388 44.877 -19.305
-17.303 -109.378 44.899 -19.376
-17.400 -109.368 44.920 -19.447
-17.497 -109.359 44.942 -19.518
-17.593 -109.349 44.963 -19.589
-17.689 -109.339 44.984 -19.659
-17.785 -109.330 45.004 -19.728
-17.879 -109.320 45.025 -19.798
-17.974 -109.310 45.045 -19.867
-18.068 -109.300 45.065 -19.935
-18.162 -109.290 45.084 -20.003
-18.255 -109.280 45.104 -20.071
-18.347 -109.271 45.123 -20.138
-18.439 -109.261 45.142 -20.205
-18.531 -109.251 45.161 -20.272
-18.623 -109.240 45.179 -20.338
-18.713 -109.230 45.198 -20.404
-18.804 -109.220 45.216 -20.469
-18.894 -109.210 45.234 -20.535
-18.983 -109.200 45.252 -20.599
-19.073 -109.190 45.269 -20.664
-19.161 -109.180 45.287 -20.727
-19.250 -109.169 45.304 -20.791
-19.338 -109.159 45.321 -20.854
-19.425 -109.149 45.338 -20.917
-19.512 -109.138 45.354 -20.980
-19.599 -109.128 45.371 -21.042
-19.685 -109.118 45.387 -21.103
-19.770 -109.107 45.404 -21.165
-19.856 -109.097 45.420 -21.226
-19.941 -109.087 45.435 -21.286
-20.025 -109.076 45.451 -21.347
-20.109 -109.066 45.467 -21.407
-20.193 -109.055 45.482 -21.466
-20.276 -109.045 45.497 -21.526
-20.359 -109.035 45.513 -21.584
-20.442 -109.024 45.528 -21.643
-20.524 -109.014 45.542 -21.701
-20.605 -109.003 45.557 -21.759
-20.687 -108.993 45.572 -21.816
-20.767 -108.982 45.586 -21.874
-20.848 -108.972 45.600 -21.930
-20.928 -108.961 45.615 -21.987
-21.008 -108.951 45.629 -22.043
-21.087 -108.940 45.643 -22.099
-21.166 -108.930 45.656 -22.154
-21.244 -108.919 45.670 -22.209
-21.322 -108.909 45.684 -22.264
-21.400 -108.898 45.697 -22.319
-21.477 -108.888 45.711 -22.373
-21.554 -108.878 45.724 -22.427
-21.631 -108.867 45.737 -22.480
-21.707 -108.857 45.750 -22.533
-21.783 -108.846 45.763 -22.586
-21.859 -108.836 45.776 -22.639
-21.935 -108.825 45.789 -22.692
-22.010 -108.815 45.801 -22.744
-22.085 -108.804 45.814 -22.796
-22.159 -108.794 45.827 -22.848
-22.234 -108.783 45.839 -22.899
-22.308 -108.773 45.852 -22.951
-22.382 -108.762 45.864 -23.002
-22.456 -108.751 45.877 -23.053
-22.530 -108.741 45.889 -23.104
-22.604 -108.730 45.901 -23.154
-22.677 -108.720 45.913 -23.205
-22.750 -108.709 45.926 -23.255
-22.823 -108.698 45.938 -23.305
-22.896 -108.688 45.950 -23.355
-22.969 -108.677 45.962 -23.405
-23.042 -108.666 45.974 -23.455
-23.115 -108.655 45.986 -23.504
-23.187 -108.645 45.998 -23.554
-23.259 -108.634 46.010 -23.603
-23.332 -108.623 46.022 -23.652
-23.404 -108.612 46.033 -23.701
-23.476 -108.601 46.045 -23.750
-23.548 -108.590 46.057 -23.799
-23.620 -108.579 46.069 -23.847
-23.691 -108.569 46.081 -23.896
-23.763 -108.558 46.093 -23.944
-23.834 -108.547 46.104 -23.992
-23.906 -108.536 46.116 -24.040
-23.977 -108.525 46.128 -24.088
-24.049 -108.514 46.140 -24.136
-24.120 -108.502 46.151 -24.184
-24.191 -108.491 46.163 -24.232
-24.262 -108.480 46.175 -24.279
-24.333 -108.469 46.186 -24.327
-24.404 -108.458 46.198 -24.374
-24.475 -108.447 46.210 -24.421
-24.546 -108.436 46.221 -24.469
-24.616 -108.424 46.233 -24.516
-24.687 -108.413 46.245 -24.563
-24.758 -108.402 46.256 -24.609
-24.828 -108.390 46.268 -24.656
-24.899 -108.379 46.280 -24.703
-24.969 -108.368 46.291 -24.749
-25.040 -108.356 46.303 -24.796
-25.110 -108.345 46.314 -24.842
-25.180 -108.333 46.326 -24.888
-25.250 -108.322 46.337 -24.935
-25.320 -108.310 46.349 -24.981
-25.391 -108.299 46.361 -25.027
-25.461 -108.287 46.372 -25.073
-25.531 -108.276 46.384 -25.118
-25.601 -108.264 46.395 -25.164
-25.670 -108.252 46.407 -25.210
-25.740 -108.240 46.418 -25.255
-25.810 -108.229 46.430 -25.301
-25.880 -108.217 46.441 -25.346
-25.949 -108.205 46.452 -25.391
-26.019 -108.193 46.464 -25.436
-26.089 -108.182 46.475 -25.481
-26.158 -108.170 46.487 -25.526
-26.228 -108.158 46.498 -25.571
-26.297 -108.146 46.510 -25.616
-26.367 -108.134 46.521 -25.661
-26.436 -108.122 46.532 -25.705
-26.505 -108.110 46.544 -25.750
-26.574 -108.098 46.555 -25.794
-26.644 -108.086 46.566 -25.839
-26.713 -108.074 46.577 -25.883
-26.782 -108.062 46.589 -25.927
-26.851 -108.049 46.600 -25.971
-26.920 -108.037 46.611 -26.015
-26.988 -108.025 46.622 -26.059
-27.057 -108.013 46.633 -26.103
-27.126 -108.000 46.644 -26.146
-27.194 -107.988 46.655 -26.190
-27.263 -107.976 46.666 -26.233
-27.331 -107.964 46.677 -26.277
-27.400 -107.951 46.688 -26.320
-27.468 -107.939 46.698 -26.363
-27.536 -107.926 46.709 -26.406
-27.604 -107.914 46.719 -26.449
-27.672 -107.902 46.730 -26.491
-27.740 -107.889 46.740 -26.534
-27.807 -107.877 46.751 -26.576
-27.875 -107.864 46.761 -26.619
-27.942 -107.851 46.771 -26.661
-28.010 -107.839 46.781 -26.703
-28.077 -107.826 46.791 -26.745
-28.144 -107.814 46.801 -26.787
-28.211 -107.801 46.811 -26.828
-28.278 -107.789 46.821 -26.870
-28.345 -107.776 46.831 -26.911
-28.411 -107.763 46.840 -26.952
-28.478 -107.751 46.850 -26.994
-28.544 -107.738 46.859 -27.035
-28.610 -107.725 46.868 -27.075
-28.676 -107.712 46.877 -27.116
-28.742 -107.700 46.886 -27.157
-28.808 -107.687 46.895 -27.197
-28.874 -107.674 46.904 -27.237
-28.939 -107.661 46.912 -27.278
-29.005 -107.648 46.921 -27.318
-29.070 -107.636 46.929 -27.357
-29.135 -107.623 46.938 -27.397
-29.201 -107.610 46.946 -27.437
-29.265 -107.597 46.954 -27.476
-29.330 -107.584 46.962 -27.516
-29.395 -107.571 46.970 -27.555
-29.460 -107.558 46.977 -27.594
-29.524 -107.545 46.985 -27.633
-29.588 -107.532 46.992 -27.671
-29.653 -107.520 47.000 -27.710
-29.717 -107.507 47.007 -27.748
-29.781 -107.494 47.014 -27.786
-29.845 -107.481 47.021 -27.825
-29.908 -107.468 47.027 -27.862
-29.972 -107.455 47.034 -27.900
-30.035 -107.442 47.041 -27.938
-30.099 -107.429 47.047 -27.975
-30.162 -107.415 47.053 -28.013
-30.225 -107.402 47.059 -28.050
-30.287 -107.389 47.065 -28.087
-30.350 -107.376 47.070 -28.123
-30.412 -107.363 47.076 -28.160
-30.474 -107.350 47.081 -28.196
-30.536 -107.338 47.087 -28.232
-30.597 -107.325 47.092 -28.267
-30.658 -107.312 47.096 -28.303
-30.719 -107.299 47.101 -28.338
-30.779 -107.286 47.106 -28.372
-30.839 -107.273 47.110 -28.407
-30.899 -107.261 47.114 -28.441
-30.958 -107.248 47.118 -28.475
-31.016 -107.236 47.122 -28.508
-31.074 -107.223 47.126 -28.541
-31.132 -107.211 47.129 -28.574
-31.189 -107.199 47.132 -28.606
-31.246 -107.187 47.135 -28.638
-31.302 -107.174 47.138 -28.670
-31.357 -107.162 47.141 -28.701
-31.412 -107.151 47.144 -28.731
-31.467 -107.139 47.146 -28.762
-31.521 -107.127 47.149 -28.792
-31.574 -107.115 47.151 -28.822
-31.627 -107.104 47.153 -28.851
-31.680 -107.092 47.155 -28.880
-31.732 -107.081 47.156 -28.909
-31.784 -107.070 47.158 -28.937
-31.835 -107.058 47.159 -28.965
-31.886 -107.047 47.160 -28.993
-31.937 -107.036 47.161 -29.020
-31.987 -107.025 47.162 -29.047
-32.036 -107.014 47.163 -29.074
-32.085 -107.003 47.164 -29.101
-32.134 -106.993 47.164 -29.127
-32.183 -106.982 47.165 -29.153
-32.231 -106.971 47.165 -29.179
-32.278 -106.961 47.165 -29.204
-32.326 -106.950 47.165 -29.229
-32.373 -106.940 47.165 -29.254
-32.419 -106.929 47.165 -29.279
-32.465 -106.919 47.164 -29.304
-32.511 -106.909 47.164 -29.328
-32.557 -106.898 47.163 -29.352
-32.602 -106.888 47.162 -29.376
-32.647 -106.878 47.161 -29.399
-32.691 -106.868 47.160 -29.423
-32.736 -106.858 47.159 -29.446
-32.780 -106.848 47.158 -29.469
-32.823 -106.838 47.157 -29.491
-32.867 -106.828 47.155 -29.514
-32.910 -106.818 47.153 -29.536
-32.953 -106.809 47.152 -29.559
-32.995 -106.799 47.150 -29.581
-33.037 -106.789 47.148 -29.603
-33.079 -106.779 47.146 -29.624
-33.121 -106.770 47.143 -29.646
-33.163 -106.760 47.141 -29.667
-33.204 -106.751 47.138 -29.688
-33.245 -106.741 47.136 -29.710
-33.285 -106.732 47.133 -29.730
-33.326 -106.722 47.130 -29.751
-33.366 -106.713 47.127 -29.772
-33.406 -106.703 47.124 -29.792
-33.446 -106.694 47.121 -29.813
-33.485 -106.684 47.117 -29.833
-33.525 -106.675 47.114 -29.853
-33.564 -106.666 47.110 -29.873
-33.603 -106.656 47.107 -29.893
-33.641 -106.647 47.103 -29.913
-33.680 -106.638 47.099 -29.933
-33.718 -106.629 47.095 -29.952
-33.756 -106.620 47.091 -29.971
-33.793 -106.610 47.087 -29.991
-33.831 -106.601 47.082 -30.010
-33.868 -106.592 47.078 -30.029
-33.905 -106.583 47.073 -30.048
-33.942 -106.574 47.068 -30.067
-33.979 -106.565 47.064 -30.086
-34.015 -106.556 47.059 -30.105
-34.052 -106.547 47.054 -30.123
-34.088 -106.538 47.049 -30.142
-34.124 -106.529 47.043 -30.160
-34.159 -106.520 47.038 -30.179
-34.195 -106.511 47.032 -30.197
-34.230 -106.502 47.027 -30.215
-34.265 -106.493 47.021 -30.233
-34.300 -106.484 47.015 -30.252
-34.335 -106.475 47.009 -30.270
-34.370 -106.466 47.003 -30.288
-34.404 -106.457 46.997 -30.306
-34.439 -106.448 46.991 -30.323
-34.473 -106.439 46.985 -30.341
-34.507 -106.431 46.978 -30.359
-34.540 -106.422 46.971 -30.377
-34.574 -106.413 46.965 -30.394
-34.607 -106.404 46.958 -30.412
-34.640 -106.395 46.951 -30.429
-34.673 -106.387 46.944 -30.447
-34.706 -106.378 46.937 -30.464
-34.739 -106.369 46.929 -30.481
-34.771 -106.360 46.922 -30.498
-34.804 -106.352 46.914 -30.516
-34.836 -106.343 46.906 -30.533
-34.867 -106.334 46.899 -30.550
-34.899 -106.326 46.891 -30.566
-34.931 -106.317 46.882 -30.583
-34.962 -106.309 46.874 -30.600
-34.993 -106.300 46.866 -30.617
-35.024 -106.292 46.857 -30.633
-35.054 -106.283 46.849 -30.650
-35.085 -106.275 46.840 -30.666
-35.115 -106.267 46.831 -30.682
-35.145 -106.259 46.822 -30.699
-35.175 -106.250 46.813 -30.715
-35.205 -106.242 46.803 -30.731
-35.235 -106.234 46.794 -30.747
-35.264 -106.226 46.784 -30.763
-35.293 -106.218 46.775 -30.778
-35.322 -106.210 46.765 -30.794
-35.351 -106.202 46.755 -30.810
-35.379 -106.194 46.745 -30.825
-35.407 -106.186 46.734 -30.841
-35.435 -106.178 46.724 -30.856
-35.463 -106.171 46.713 -30.871
-35.491 -106.163 46.703 -30.887
-35.518 -106.155 46.692 -30.902
-35.546 -106.148 46.681 -30.917
-35.573 -106.140 46.670 -30.932
-35.600 -106.133 46.659 -30.946
-35.626 -106.125 46.647 -30.961
-35.653 -106.118 46.636 -30.976
-35.679 -106.110 46.624 -30.990
-35.705 -106.103 46.613 -31.005
-35.731 -106.096 46.601 -31.019
-35.756 -106.089 46.589 -31.033
-35.782 -106.082 46.577 -31.048
-35.807 -106.075 46.565 -31.062
-35.832 -106.068 46.552 -31.076
-35.857 -106.061 46.540 -31.090
-35.881 -106.054 46.528 -31.103
-35.905 -106.047 46.515 -31.117
-35.930 -106.040 46.502 -31.131
-35.953 -106.034 46.489 -31.144
-35.977 -106.027 46.476 -31.157
-36.001 -106.021 46.463 -31.171
-36.024 -106.014 46.450 -31.184
-36.047 -106.008 46.437 -31.197
-36.070 -106.001 46.424 -31.210
-36.092 -105.995 46.410 -31.223
-36.115 -105.989 46.397 -31.236
-36.137 -105.983 46.383 -31.248
-36.159 -105.977 46.370 -31.261
-36.180 -105.971 46.356 -31.273
-36.202 -105.965 46.342 -31.285
-36.223 -105.959 46.328 -31.298
-36.244 -105.953 46.315 -31.310
-36.265 -105.947 46.301 -31.322
-36.285 -105.942 46.287 -31.334
-36.305 -105.936 46.273 -31.345
-36.325 -105.930 46.259 -31.357
-36.345 -105.925 46.245 -31.369
-36.365 -105.920 46.231 -31.380
-36.384 -105.914 46.217 -31.391
-36.403 -105.909 46.203 -31.402
-36.422 -105.904 46.189 -31.413
-36.440 -105.899 46.176 -31.424
-36.458 -105.894 46.162 -31.435
-36.476 -105.889 46.148 -31.446
-36.494 -105.884 46.134 -31.456
-36.511 -105.879 46.121 -31.467
-36.529 -105.874 46.107 -31.477
-36.545 -105.869 46.094 -31.487
-36.562 -105.865 46.080 -31.497
-36.578 -105.860 46.067 -31.506
-36.594 -105.856 46.054 -31.516
-36.610 -105.851 46.041 -31.526
-36.626 -105.847 46.028 -31.535
-36.641 -105.843 46.015 -31.544
-36.656 -105.839 46.003 -31.553
-36.670 -105.835 45.990 -31.562
-36.685 -105.831 45.978 -31.571
-36.699 -105.827 45.966 -31.579
-36.713 -105.823 45.954 -31.588
-36.726 -105.819 45.942 -31.596
-36.739 -105.815 45.930 -31.604
-36.752 -105.812 45.919 -31.612
-36.765 -105.808 45.907 -31.620
-36.777 -105.805 45.896 -31.627
-36.789 -105.801 45.886 -31.635
-36.801 -105.798 45.875 -31.642
-36.812 -105.795 45.865 -31.649
-36.823 -105.792 45.854 -31.656
-36.834 -105.789 45.845 -31.662
-36.844 -105.786 45.835 -31.669
-36.854 -105.783 45.826 -31.675
-36.864 -105.780 45.817 -31.681
-36.873 -105.778 45.808 -31.687
-36.882 -105.775 45.800 -31.692
-36.890 -105.773 45.792 -31.698
-36.899 -105.770 45.784 -31.703
-36.907 -105.768 45.776 -31.708
-36.914 -105.766 45.769 -31.713
-36.921 -105.764 45.762 -31.717
-36.928 -105.762 45.756 -31.722
-36.935 -105.760 45.750 -31.726
-36.941 -105.758 45.744 -31.730
-36.947 -105.756 45.738 -31.733
-36.952 -105.755 45.733 -31.737
-36.957 -105.753 45.728 -31.740
-36.962 -105.752 45.723 -31.743
-36.967 -105.751 45.719 -31.746
-36.971 -105.749 45.715 -31.749
-36.975 -105.748 45.711 -31.751
-36.978 -105.747 45.708 -31.753
-36.981 -105.746 45.704 -31.755
-36.984 -105.746 45.702 -31.757
-36.986 -105.745 45.699 -31.759
-36.989 -105.744 45.697 -31.760
-36.990 -105.744 45.695 -31.761
-36.992 -105.743 45.694 -31.762
-36.993 -105.743 45.693 -31.763
-36.994 -105.743 45.692 -31.764
-36.994 -105.743 45.691 -31.764
-36.994 -105.743 45.691 -31.764