-43.015,-7.069,0,10.119
-43.015,-7.069,0,10.119
-43.016,-7.07,0,10.119
-43.017,-7.071,0,10.119
-43.019,-7.073,0,10.119
-43.022,-7.074,0,10.119
-43.025,-7.077,0,10.119
-43.029,-7.079,0,10.119
-43.033,-7.082,0,10.119
-43.037,-7.086,0,10.119
-43.043,-7.089,0,10.118
-43.048,-7.094,0,10.118
-43.055,-7.098,0,10.118
-43.061,-7.103,0,10.118
-43.069,-7.109,0,10.118
-43.076,-7.114,0,10.117
-43.084,-7.121,0,10.117
-43.093,-7.127,0,10.117
-43.102,-7.134,0,10.116
-43.112,-7.141,0,10.116
-43.122,-7.149,0,10.115
-43.132,-7.157,0,10.115
-43.143,-7.166,0,10.114
-43.155,-7.175,0,10.114
-43.167,-7.184,0,10.113
-43.179,-7.194,0,10.113
-43.192,-7.204,0,10.112
-43.205,-7.214,0,10.111
-43.218,-7.225,0,10.11
-43.232,-7.236,0,10.11
-43.247,-7.247,0,10.109
-43.262,-7.259,0,10.108
-43.277,-7.272,0,10.107
-43.292,-7.284,0,10.106
-43.308,-7.297,0,10.105
-43.324,-7.311,0,10.104
-43.341,-7.324,0,10.102
-43.357,-7.338,0,10.101
-43.374,-7.353,0,10.1
-43.391,-7.367,0,10.098
-43.409,-7.382,0,10.097
-43.426,-7.398,0,10.095
-43.444,-7.413,0,10.094
-43.461,-7.429,0,10.092
-43.479,-7.445,0,10.09
-43.497,-7.461,0,10.088
-43.514,-7.478,0,10.086
-43.532,-7.495,0,10.084
-43.55,-7.512,0,10.082
-43.567,-7.529,0,10.079
-43.585,-7.546,0,10.077
-43.602,-7.564,0,10.074
-43.619,-7.582,0,10.071
-43.636,-7.6,0,10.068
-43.653,-7.618,0,10.065
-43.669,-7.637,0,10.062
-43.685,-7.655,0,10.058
-43.701,-7.674,0,10.055
-43.716,-7.693,0,10.051
-43.731,-7.712,0,10.047
-43.745,-7.731,0,10.043
-43.759,-7.75,0,10.038
-43.772,-7.769,0,10.034
-43.785,-7.789,0,10.029
-43.797,-7.808,0,10.024
-43.809,-7.828,0,10.019
-43.82,-7.847,0,10.014
-43.83,-7.867,0,10.008
-43.839,-7.886,0,10.003
-43.848,-7.906,0,9.997
-43.855,-7.926,0,9.991
-43.862,-7.945,0,9.984
-43.868,-7.965,0,9.978
-43.873,-7.984,0,9.971
-43.876,-8.004,0,9.965
-43.879,-8.023,0,9.958
-43.881,-8.042,0,9.951
-43.881,-8.062,0,9.943
-43.88,-8.081,0,9.936
-43.879,-8.1,0,9.928
-43.875,-8.118,0,9.92
-43.871,-8.137,0,9.912
-43.865,-8.156,0,9.904
-43.858,-8.174,0,9.896
-43.849,-8.192,0,9.887
-43.839,-8.21,0,9.878
-43.828,-8.228,0,9.869
-43.815,-8.245,0,9.86
-43.8,-8.262,0,9.851
-43.784,-8.279,0,9.841
-43.766,-8.296,0,9.831
-43.747,-8.313,0,9.821
-43.726,-8.329,0,9.811
-43.703,-8.345,0,9.801
-43.678,-8.361,0,9.79
-43.652,-8.376,0,9.779
-43.624,-8.391,0,9.768
-43.595,-8.406,0,9.757
-43.563,-8.421,0,9.745
-43.53,-8.435,0,9.733
-43.495,-8.449,0,9.721
-43.458,-8.462,0,9.709
-43.419,-8.475,0,9.696
-43.378,-8.488,0,9.683
-43.336,-8.501,0,9.67
-43.292,-8.513,0,9.656
-43.245,-8.524,0,9.642
-43.197,-8.536,0,9.628
-43.147,-8.546,0,9.614
-43.095,-8.557,0,9.599
-43.042,-8.567,0,9.584
-42.986,-8.576,0,9.568
-42.929,-8.586,0,9.553
-42.869,-8.594,0,9.537
-42.808,-8.603,0,9.52
-42.745,-8.611,0,9.504
-42.68,-8.618,0,9.487
-42.614,-8.625,0,9.469
-42.545,-8.632,0,9.452
-42.475,-8.638,0,9.434
-42.403,-8.643,0,9.416
-42.33,-8.649,0,9.397
-42.254,-8.653,0,9.379
-42.177,-8.658,0,9.36
-42.098,-8.662,0,9.34
-42.018,-8.665,0,9.321
-41.936,-8.668,0,9.301
-41.852,-8.671,0,9.281
-41.767,-8.673,0,9.261
-41.68,-8.674,0,9.241
-41.592,-8.675,0,9.22
-41.503,-8.676,0,9.199
-41.411,-8.676,0,9.178
-41.319,-8.676,0,9.157
-41.225,-8.675,0,9.136
-41.129,-8.674,0,9.114
-41.033,-8.673,0,9.093
-40.934,-8.671,0,9.071
-40.835,-8.668,0,9.049
-40.734,-8.665,0,9.027
-40.632,-8.662,0,9.005
-40.529,-8.658,0,8.983
-40.424,-8.654,0,8.961
-40.319,-8.649,0,8.939
-40.212,-8.644,0,8.917
-40.103,-8.638,0,8.894
-39.994,-8.632,0,8.872
-39.882,-8.625,0,8.85
-39.77,-8.618,0,8.827
-39.656,-8.611,0,8.804
-39.54,-8.603,0,8.782
-39.423,-8.594,0,8.759
-39.305,-8.586,0,8.736
-39.185,-8.576,0,8.713
-39.063,-8.566,0,8.69
-38.939,-8.556,0,8.667
-38.814,-8.545,0,8.643
-38.687,-8.534,0,8.62
-38.558,-8.522,0,8.596
-38.427,-8.51,0,8.573
-38.295,-8.497,0,8.549
-38.16,-8.483,0,8.525
-38.024,-8.47,0,8.501
-37.886,-8.455,0,8.477
-37.746,-8.441,0,8.452
-37.605,-8.425,0,8.428
-37.462,-8.41,0,8.404
-37.317,-8.393,0,8.379
-37.17,-8.377,0,8.355
-37.022,-8.36,0,8.33
-36.872,-8.342,0,8.306
-36.721,-8.324,0,8.281
-36.569,-8.306,0,8.256
-36.415,-8.287,0,8.232
-36.259,-8.268,0,8.207
-36.102,-8.249,0,8.182
-35.944,-8.229,0,8.158
-35.785,-8.209,0,8.133
-35.624,-8.189,0,8.108
-35.462,-8.168,0,8.084
-35.299,-8.147,0,8.059
-35.136,-8.126,0,8.035
-34.971,-8.104,0,8.01
-34.805,-8.083,0,7.986
-34.638,-8.061,0,7.961
-34.47,-8.039,0,7.937
-34.302,-8.016,0,7.913
-34.133,-7.994,0,7.889
-33.963,-7.971,0,7.865
-33.792,-7.948,0,7.841
-33.621,-7.925,0,7.817
-33.45,-7.902,0,7.794
-33.277,-7.879,0,7.77
-33.104,-7.855,0,7.747
-32.931,-7.832,0,7.724
-32.757,-7.808,0,7.7
-32.582,-7.785,0,7.677
-32.407,-7.761,0,7.655
-32.231,-7.737,0,7.632
-32.055,-7.714,0,7.609
-31.878,-7.69,0,7.587
-31.701,-7.666,0,7.564
-31.524,-7.642,0,7.542
-31.346,-7.618,0,7.52
-31.167,-7.594,0,7.498
-30.989,-7.57,0,7.476
-30.809,-7.546,0,7.454
-30.63,-7.523,0,7.433
-30.45,-7.499,0,7.411
-30.27,-7.475,0,7.39
-30.089,-7.451,0,7.369
-29.908,-7.428,0,7.348
-29.727,-7.404,0,7.328
-29.546,-7.38,0,7.307
-29.364,-7.357,0,7.287
-29.183,-7.333,0,7.267
-29.001,-7.31,0,7.247
-28.819,-7.287,0,7.227
-28.636,-7.264,0,7.207
-28.454,-7.241,0,7.188
-28.271,-7.218,0,7.169
-28.089,-7.195,0,7.15
-27.906,-7.173,0,7.131
-27.723,-7.15,0,7.112
-27.54,-7.128,0,7.094
-27.356,-7.106,0,7.076
-27.173,-7.084,0,7.058
-26.989,-7.062,0,7.04
-26.806,-7.04,0,7.022
-26.622,-7.019,0,7.005
-26.438,-6.997,0,6.988
-26.254,-6.976,0,6.971
-26.069,-6.955,0,6.954
-25.885,-6.934,0,6.937
-25.7,-6.913,0,6.921
-25.516,-6.893,0,6.905
-25.331,-6.872,0,6.888
-25.147,-6.852,0,6.873
-24.963,-6.832,0,6.857
-24.779,-6.813,0,6.842
-24.596,-6.793,0,6.827
-24.413,-6.774,0,6.812
-24.231,-6.755,0,6.797
-24.05,-6.736,0,6.783
-23.87,-6.717,0,6.769
-23.69,-6.699,0,6.755
-23.511,-6.681,0,6.742
-23.332,-6.663,0,6.728
-23.154,-6.646,0,6.715
-22.977,-6.628,0,6.703
-22.801,-6.611,0,6.69
-22.625,-6.594,0,6.678
-22.449,-6.577,0,6.666
-22.274,-6.561,0,6.654
-22.1,-6.544,0,6.642
-21.926,-6.528,0,6.631
-21.753,-6.512,0,6.62
-21.581,-6.496,0,6.61
-21.409,-6.481,0,6.599
-21.237,-6.465,0,6.589
-21.067,-6.45,0,6.579
-20.896,-6.435,0,6.57
-20.727,-6.42,0,6.56
-20.558,-6.406,0,6.551
-20.389,-6.391,0,6.543
-20.221,-6.377,0,6.534
-20.054,-6.362,0,6.526
-19.887,-6.348,0,6.518
-19.721,-6.335,0,6.511
-19.555,-6.321,0,6.504
-19.39,-6.307,0,6.497
-19.225,-6.294,0,6.49
-19.061,-6.281,0,6.484
-18.897,-6.267,0,6.478
-18.734,-6.254,0,6.472
-18.571,-6.242,0,6.467
-18.409,-6.229,0,6.462
-18.247,-6.216,0,6.457
-18.086,-6.204,0,6.453
-17.925,-6.191,0,6.448
-17.765,-6.179,0,6.445
-17.605,-6.167,0,6.441
-17.445,-6.155,0,6.438
-17.286,-6.143,0,6.435
-17.127,-6.132,0,6.433
-16.969,-6.12,0,6.431
-16.811,-6.109,0,6.429
-16.654,-6.097,0,6.428
-16.496,-6.086,0,6.427
-16.34,-6.075,0,6.426
-16.183,-6.064,0,6.426
-16.027,-6.053,0,6.426
-15.871,-6.042,0,6.426
-15.716,-6.031,0,6.427
-15.561,-6.021,0,6.428
-15.406,-6.01,0,6.429
-15.252,-6,0,6.431
-15.098,-5.989,0,6.433
-14.944,-5.979,0,6.435
-14.791,-5.969,0,6.438
-14.639,-5.959,0,6.441
-14.487,-5.949,0,6.444
-14.336,-5.939,0,6.448
-14.185,-5.929,0,6.452
-14.035,-5.92,0,6.457
-13.886,-5.91,0,6.462
-13.738,-5.901,0,6.467
-13.59,-5.891,0,6.472
-13.443,-5.882,0,6.478
-13.297,-5.873,0,6.484
-13.151,-5.864,0,6.49
-13.006,-5.855,-0.023,6.497
-12.862,-5.846,-0.449,6.504
-12.719,-5.838,-0.873,6.511
-12.577,-5.829,-1.295,6.519
-12.435,-5.821,-1.715,6.527
-12.294,-5.812,-2.132,6.535
-12.154,-5.804,-2.548,6.543
-12.014,-5.796,-2.962,6.552
-11.875,-5.787,-3.374,6.561
-11.736,-5.779,-3.783,6.57
-11.598,-5.771,-4.191,6.58
-11.461,-5.763,-4.597,6.59
-11.324,-5.755,-5.001,6.6
-11.188,-5.748,-5.403,6.61
-11.053,-5.74,-5.802,6.621
-10.918,-5.732,-6.2,6.632
-10.783,-5.725,-6.596,6.644
-10.649,-5.717,-6.989,6.655
-10.516,-5.71,-7.381,6.667
-10.383,-5.702,-7.77,6.679
-10.251,-5.695,-8.158,6.691
-10.119,-5.688,-8.543,6.704
-9.988,-5.681,-8.926,6.717
-9.857,-5.673,-9.307,6.73
-9.727,-5.666,-9.686,6.743
-9.597,-5.659,-10.063,6.757
-9.468,-5.652,-10.438,6.771
-9.339,-5.645,-10.811,6.785
-9.21,-5.639,-11.182,6.8
-9.082,-5.632,-11.55,6.814
-8.955,-5.625,-11.917,6.829
-8.828,-5.618,-12.282,6.845
-8.701,-5.612,-12.644,6.86
-8.575,-5.605,-13.005,6.876
-8.449,-5.599,-13.363,6.892
-8.323,-5.592,-13.72,6.908
-8.198,-5.586,-14.074,6.925
-8.073,-5.579,-14.427,6.942
-7.949,-5.573,-14.777,6.959
-7.825,-5.567,-15.126,6.976
-7.701,-5.56,-15.472,6.994
-7.577,-5.554,-15.816,7.012
-7.454,-5.548,-16.158,7.03
-7.331,-5.542,-16.498,7.048
-7.209,-5.536,-16.836,7.067
-7.086,-5.53,-17.172,7.086
-6.965,-5.523,-17.506,7.105
-6.843,-5.517,-17.838,7.125
-6.722,-5.512,-18.167,7.144
-6.6,-5.506,-18.494,7.165
-6.48,-5.5,-18.819,7.185
-6.359,-5.494,-19.142,7.206
-6.239,-5.488,-19.463,7.227
-6.119,-5.482,-19.782,7.248
-5.999,-5.477,-20.098,7.269
-5.879,-5.471,-20.413,7.291
-5.76,-5.465,-20.725,7.313
-5.64,-5.46,-21.035,7.336
-5.521,-5.454,-21.343,7.359
-5.402,-5.448,-21.649,7.382
-5.284,-5.443,-21.952,7.405
-5.165,-5.437,-22.254,7.429
-5.046,-5.432,-22.553,7.453
-4.928,-5.427,-22.85,7.478
-4.81,-5.421,-23.145,7.502
-4.692,-5.416,-23.438,7.527
-4.574,-5.41,-23.729,7.553
-4.456,-5.405,-24.017,7.579
-4.338,-5.4,-24.303,7.605
-4.22,-5.394,-24.587,7.631
-4.102,-5.389,-24.869,7.658
-3.985,-5.384,-25.149,7.685
-3.867,-5.379,-25.426,7.713
-3.75,-5.374,-25.701,7.741
-3.632,-5.369,-25.975,7.769
-3.515,-5.363,-26.246,7.798
-3.397,-5.358,-26.514,7.827
-3.28,-5.353,-26.781,7.856
-3.162,-5.348,-27.045,7.886
-3.045,-5.343,-27.308,7.917
-2.927,-5.338,-27.568,7.947
-2.81,-5.334,-27.826,7.978
-2.692,-5.329,-28.082,8.01
-2.574,-5.324,-28.335,8.042
-2.457,-5.319,-28.587,8.074
-2.339,-5.314,-28.836,8.107
-2.221,-5.309,-29.084,8.14
-2.102,-5.305,-29.329,8.174
-1.984,-5.3,-29.572,8.209
-1.865,-5.295,-29.813,8.243
-1.747,-5.29,-30.052,8.279
-1.628,-5.286,-30.289,8.314
-1.508,-5.281,-30.523,8.351
-1.389,-5.277,-30.756,8.388
-1.269,-5.272,-30.986,8.425
-1.148,-5.267,-31.214,8.463
-1.028,-5.263,-31.44,8.502
-0.907,-5.258,-31.664,8.541
-0.785,-5.254,-31.886,8.581
-0.664,-5.25,-32.105,8.622
-0.542,-5.245,-32.323,8.663
-0.419,-5.241,-32.538,8.704
-0.296,-5.236,-32.751,8.747
-0.173,-5.232,-32.961,8.79
-0.049,-5.228,-33.17,8.834
0.075,-5.224,-33.376,8.878
0.199,-5.219,-33.58,8.923
0.324,-5.215,-33.782,8.969
0.449,-5.211,-33.981,9.015
0.575,-5.207,-34.179,9.062
0.701,-5.203,-34.374,9.11
0.828,-5.199,-34.567,9.159
0.955,-5.195,-34.758,9.208
1.083,-5.191,-34.946,9.258
1.211,-5.188,-35.133,9.309
1.339,-5.184,-35.317,9.36
1.468,-5.18,-35.499,9.413
1.598,-5.176,-35.679,9.466
1.728,-5.173,-35.856,9.52
1.859,-5.169,-36.032,9.575
1.99,-5.166,-36.205,9.63
2.122,-5.162,-36.376,9.687
2.254,-5.159,-36.545,9.744
2.387,-5.156,-36.711,9.802
2.521,-5.153,-36.876,9.861
2.655,-5.15,-37.038,9.921
2.789,-5.146,-37.198,9.982
2.925,-5.144,-37.355,10.044
3.061,-5.141,-37.511,10.107
3.197,-5.138,-37.664,10.17
3.334,-5.135,-37.815,10.235
3.472,-5.133,-37.964,10.3
3.61,-5.13,-38.11,10.367
3.748,-5.128,-38.254,10.434
3.888,-5.125,-38.396,10.502
4.027,-5.123,-38.536,10.571
4.168,-5.121,-38.674,10.642
4.309,-5.119,-38.809,10.713
4.45,-5.117,-38.942,10.785
4.592,-5.116,-39.073,10.858
4.734,-5.114,-39.201,10.931
4.876,-5.113,-39.328,11.006
5.019,-5.111,-39.452,11.082
5.162,-5.11,-39.574,11.158
5.306,-5.109,-39.694,11.235
5.45,-5.108,-39.812,11.313
5.593,-5.107,-39.928,11.392
5.737,-5.107,-40.041,11.472
5.881,-5.106,-40.153,11.552
6.025,-5.106,-40.262,11.633
6.169,-5.106,-40.369,11.715
6.313,-5.105,-40.474,11.797
6.457,-5.106,-40.577,11.879
6.6,-5.106,-40.678,11.962
6.743,-5.106,-40.777,12.046
6.885,-5.107,-40.873,12.13
7.027,-5.108,-40.968,12.214
7.168,-5.108,-41.06,12.298
7.308,-5.109,-41.15,12.383
7.448,-5.111,-41.238,12.468
7.587,-5.112,-41.324,12.553
7.725,-5.113,-41.408,12.637
7.863,-5.115,-41.49,12.722
7.999,-5.117,-41.57,12.807
8.135,-5.119,-41.648,12.892
8.269,-5.121,-41.724,12.977
8.403,-5.123,-41.798,13.062
8.536,-5.125,-41.871,13.146
8.668,-5.127,-41.942,13.231
8.799,-5.13,-42.011,13.315
8.929,-5.132,-42.079,13.4
9.058,-5.135,-42.145,13.484
9.186,-5.138,-42.209,13.568
9.314,-5.141,-42.272,13.651
9.44,-5.144,-42.334,13.735
9.565,-5.147,-42.394,13.818
9.69,-5.151,-42.453,13.901
9.814,-5.154,-42.511,13.984
9.937,-5.158,-42.567,14.066
10.059,-5.161,-42.622,14.149
10.18,-5.165,-42.677,14.231
10.301,-5.169,-42.73,14.313
10.42,-5.173,-42.782,14.395
10.539,-5.177,-42.832,14.476
10.658,-5.181,-42.882,14.558
10.775,-5.185,-42.931,14.639
10.892,-5.19,-42.979,14.72
11.008,-5.194,-43.026,14.801
11.124,-5.199,-43.073,14.881
11.239,-5.203,-43.118,14.962
11.353,-5.208,-43.162,15.042
11.467,-5.213,-43.206,15.122
11.58,-5.218,-43.249,15.201
11.693,-5.223,-43.291,15.281
11.805,-5.228,-43.332,15.36
11.917,-5.233,-43.373,15.44
12.028,-5.238,-43.413,15.519
12.139,-5.244,-43.453,15.598
12.249,-5.249,-43.492,15.677
12.359,-5.255,-43.53,15.756
12.469,-5.261,-43.568,15.835
12.579,-5.266,-43.605,15.914
12.689,-5.272,-43.642,15.993
12.798,-5.278,-43.679,16.072
12.907,-5.284,-43.715,16.151
13.017,-5.29,-43.75,16.23
13.125,-5.297,-43.785,16.309
13.234,-5.303,-43.82,16.388
13.343,-5.309,-43.854,16.466
13.451,-5.316,-43.888,16.545
13.559,-5.323,-43.921,16.624
13.667,-5.329,-43.954,16.703
13.775,-5.336,-43.987,16.782
13.883,-5.343,-44.019,16.861
13.99,-5.35,-44.051,16.939
14.098,-5.358,-44.083,17.018
14.205,-5.365,-44.114,17.097
14.312,-5.372,-44.144,17.175
14.419,-5.38,-44.175,17.254
14.525,-5.387,-44.205,17.332
14.632,-5.395,-44.235,17.41
14.738,-5.402,-44.264,17.489
14.844,-5.41,-44.293,17.567
14.95,-5.418,-44.322,17.645
15.056,-5.426,-44.35,17.722
15.161,-5.434,-44.378,17.8
15.266,-5.442,-44.406,17.878
15.372,-5.451,-44.433,17.955
15.477,-5.459,-44.46,18.033
15.581,-5.468,-44.487,18.11
15.686,-5.476,-44.514,18.187
15.79,-5.485,-44.54,18.264
15.894,-5.494,-44.566,18.34
15.997,-5.502,-44.592,18.416
16.1,-5.511,-44.617,18.492
16.203,-5.52,-44.642,18.568
16.305,-5.529,-44.667,18.643
16.407,-5.538,-44.692,18.718
16.508,-5.547,-44.716,18.793
16.609,-5.556,-44.74,18.867
16.71,-5.566,-44.763,18.941
16.81,-5.575,-44.786,19.014
16.909,-5.584,-44.809,19.087
17.008,-5.594,-44.832,19.16
17.107,-5.603,-44.855,19.233
17.205,-5.612,-44.877,19.305
17.303,-5.622,-44.899,19.376
17.4,-5.632,-44.92,19.447
17.497,-5.641,-44.942,19.518
17.593,-5.651,-44.963,19.589
17.689,-5.661,-44.984,19.659
17.785,-5.67,-45.004,19.728
17.879,-5.68,-45.025,19.798
17.974,-5.69,-45.045,19.867
18.068,-5.7,-45.065,19.935
18.162,-5.71,-45.084,20.003
18.255,-5.72,-45.104,20.071
18.347,-5.729,-45.123,20.138
18.439,-5.739,-45.142,20.205
18.531,-5.749,-45.161,20.272
18.623,-5.76,-45.179,20.338
18.713,-5.77,-45.198,20.404
18.804,-5.78,-45.216,20.469
18.894,-5.79,-45.234,20.535
18.983,-5.8,-45.252,20.599
19.073,-5.81,-45.269,20.664
19.161,-5.82,-45.287,20.727
19.25,-5.831,-45.304,20.791
19.338,-5.841,-45.321,20.854
19.425,-5.851,-45.338,20.917
19.512,-5.862,-45.354,20.98
19.599,-5.872,-45.371,21.042
19.685,-5.882,-45.387,21.103
19.77,-5.893,-45.404,21.165
19.856,-5.903,-45.42,21.226
19.941,-5.913,-45.435,21.286
20.025,-5.924,-45.451,21.347
20.109,-5.934,-45.467,21.407
20.193,-5.945,-45.482,21.466
20.276,-5.955,-45.497,21.526
20.359,-5.965,-45.513,21.584
20.442,-5.976,-45.528,21.643
20.524,-5.986,-45.542,21.701
20.605,-5.997,-45.557,21.759
20.687,-6.007,-45.572,21.816
20.767,-6.018,-45.586,21.874
20.848,-6.028,-45.6,21.93
20.928,-6.039,-45.615,21.987
21.008,-6.049,-45.629,22.043
21.087,-6.06,-45.643,22.099
21.166,-6.07,-45.656,22.154
21.244,-6.081,-45.67,22.209
21.322,-6.091,-45.684,22.264
21.4,-6.102,-45.697,22.319
21.477,-6.112,-45.711,22.373
21.554,-6.122,-45.724,22.427
21.631,-6.133,-45.737,22.48
21.707,-6.143,-45.75,22.533
21.783,-6.154,-45.763,22.586
21.859,-6.164,-45.776,22.639
21.935,-6.175,-45.789,22.692
22.01,-6.185,-45.801,22.744
22.085,-6.196,-45.814,22.796
22.159,-6.206,-45.827,22.848
22.234,-6.217,-45.839,22.899
22.308,-6.227,-45.852,22.951
22.382,-6.238,-45.864,23.002
22.456,-6.249,-45.877,23.053
22.53,-6.259,-45.889,23.104
22.604,-6.27,-45.901,23.154
22.677,-6.28,-45.913,23.205
22.75,-6.291,-45.926,23.255
22.823,-6.302,-45.938,23.305
22.896,-6.312,-45.95,23.355
22.969,-6.323,-45.962,23.405
23.042,-6.334,-45.974,23.455
23.115,-6.345,-45.986,23.504
23.187,-6.355,-45.998,23.554
23.259,-6.366,-46.01,23.603
23.332,-6.377,-46.022,23.652
23.404,-6.388,-46.033,23.701
23.476,-6.399,-46.045,23.75
23.548,-6.41,-46.057,23.799
23.62,-6.421,-46.069,23.847
23.691,-6.431,-46.081,23.896
23.763,-6.442,-46.093,23.944
23.834,-6.453,-46.104,23.992
23.906,-6.464,-46.116,24.04
23.977,-6.475,-46.128,24.088
24.049,-6.486,-46.14,24.136
24.12,-6.498,-46.151,24.184
24.191,-6.509,-46.163,24.232
24.262,-6.52,-46.175,24.279
24.333,-6.531,-46.186,24.327
24.404,-6.542,-46.198,24.374
24.475,-6.553,-46.21,24.421
24.546,-6.564,-46.221,24.469
24.616,-6.576,-46.233,24.516
24.687,-6.587,-46.245,24.563
24.758,-6.598,-46.256,24.609
24.828,-6.61,-46.268,24.656
24.899,-6.621,-46.28,24.703
24.969,-6.632,-46.291,24.749
25.04,-6.644,-46.303,24.796
25.11,-6.655,-46.314,24.842
25.18,-6.667,-46.326,24.888
25.25,-6.678,-46.337,24.935
25.32,-6.69,-46.349,24.981
25.391,-6.701,-46.361,25.027
25.461,-6.713,-46.372,25.073
25.531,-6.724,-46.384,25.118
25.601,-6.736,-46.395,25.164
25.67,-6.748,-46.407,25.21
25.74,-6.76,-46.418,25.255
25.81,-6.771,-46.43,25.301
25.88,-6.783,-46.441,25.346
25.949,-6.795,-46.452,25.391
26.019,-6.807,-46.464,25.436
26.089,-6.818,-46.475,25.481
26.158,-6.83,-46.487,25.526
26.228,-6.842,-46.498,25.571
26.297,-6.854,-46.51,25.616
26.367,-6.866,-46.521,25.661
26.436,-6.878,-46.532,25.705
26.505,-6.89,-46.544,25.75
26.574,-6.902,-46.555,25.794
26.644,-6.914,-46.566,25.839
26.713,-6.926,-46.577,25.883
26.782,-6.938,-46.589,25.927
26.851,-6.951,-46.6,25.971
26.92,-6.963,-46.611,26.015
26.988,-6.975,-46.622,26.059
27.057,-6.987,-46.633,26.103
27.126,-7,-46.644,26.146
27.194,-7.012,-46.655,26.19
27.263,-7.024,-46.666,26.233
27.331,-7.036,-46.677,26.277
27.4,-7.049,-46.688,26.32
27.468,-7.061,-46.698,26.363
27.536,-7.074,-46.709,26.406
27.604,-7.086,-46.719,26.449
27.672,-7.098,-46.73,26.491
27.74,-7.111,-46.74,26.534
27.807,-7.123,-46.751,26.576
27.875,-7.136,-46.761,26.619
27.942,-7.149,-46.771,26.661
28.01,-7.161,-46.781,26.703
28.077,-7.174,-46.791,26.745
28.144,-7.186,-46.801,26.787
28.211,-7.199,-46.811,26.828
28.278,-7.211,-46.821,26.87
28.345,-7.224,-46.831,26.911
28.411,-7.237,-46.84,26.952
28.478,-7.249,-46.85,26.994
28.544,-7.262,-46.859,27.035
28.61,-7.275,-46.868,27.075
28.676,-7.288,-46.877,27.116
28.742,-7.3,-46.886,27.157
28.808,-7.313,-46.895,27.197
28.874,-7.326,-46.904,27.237
28.939,-7.339,-46.912,27.278
29.005,-7.352,-46.921,27.318
29.07,-7.364,-46.929,27.357
29.135,-7.377,-46.938,27.397
29.201,-7.39,-46.946,27.437
29.265,-7.403,-46.954,27.476
29.33,-7.416,-46.962,27.516
29.395,-7.429,-46.97,27.555
29.46,-7.442,-46.977,27.594
29.524,-7.455,-46.985,27.633
29.588,-7.468,-46.992,27.671
29.653,-7.48,-47,27.71
29.717,-7.493,-47.007,27.748
29.781,-7.506,-47.014,27.786
29.845,-7.519,-47.021,27.825
29.908,-7.532,-47.027,27.862
29.972,-7.545,-47.034,27.9
30.035,-7.558,-47.041,27.938
30.099,-7.571,-47.047,27.975
30.162,-7.585,-47.053,28.013
30.225,-7.598,-47.059,28.05
30.287,-7.611,-47.065,28.087
30.35,-7.624,-47.07,28.123
30.412,-7.637,-47.076,28.16
30.474,-7.65,-47.081,28.196
30.536,-7.662,-47.087,28.232
30.597,-7.675,-47.092,28.267
30.658,-7.688,-47.096,28.303
30.719,-7.701,-47.101,28.338
30.779,-7.714,-47.106,28.372
30.839,-7.727,-47.11,28.407
30.899,-7.739,-47.114,28.441
30.958,-7.752,-47.118,28.475
31.016,-7.764,-47.122,28.508
31.074,-7.777,-47.126,28.541
31.132,-7.789,-47.129,28.574
31.189,-7.801,-47.132,28.606
31.246,-7.813,-47.135,28.638
31.302,-7.826,-47.138,28.67
31.357,-7.838,-47.141,28.701
31.412,-7.849,-47.144,28.731
31.467,-7.861,-47.146,28.762
31.521,-7.873,-47.149,28.792
31.574,-7.885,-47.151,28.822
31.627,-7.896,-47.153,28.851
31.68,-7.908,-47.155,28.88
31.732,-7.919,-47.156,28.909
31.784,-7.93,-47.158,28.937
31.835,-7.942,-47.159,28.965
31.886,-7.953,-47.16,28.993
31.937,-7.964,-47.161,29.02
31.987,-7.975,-47.162,29.047
32.036,-7.986,-47.163,29.074
32.085,-7.997,-47.164,29.101
32.134,-8.007,-47.164,29.127
32.183,-8.018,-47.165,29.153
32.231,-8.029,-47.165,29.179
32.278,-8.039,-47.165,29.204
32.326,-8.05,-47.165,29.229
32.373,-8.06,-47.165,29.254
32.419,-8.071,-47.165,29.279
32.465,-8.081,-47.164,29.304
32.511,-8.091,-47.164,29.328
32.557,-8.102,-47.163,29.352
32.602,-8.112,-47.162,29.376
32.647,-8.122,-47.161,29.399
32.691,-8.132,-47.16,29.423
32.736,-8.142,-47.159,29.446
32.78,-8.152,-47.158,29.469
32.823,-8.162,-47.157,29.491
32.867,-8.172,-47.155,29.514
32.91,-8.182,-47.153,29.536
32.953,-8.191,-47.152,29.559
32.995,-8.201,-47.15,29.581
33.037,-8.211,-47.148,29.603
33.079,-8.221,-47.146,29.624
33.121,-8.23,-47.143,29.646
33.163,-8.24,-47.141,29.667
33.204,-8.249,-47.138,29.688
33.245,-8.259,-47.136,29.71
33.285,-8.268,-47.133,29.73
33.326,-8.278,-47.13,29.751
33.366,-8.287,-47.127,29.772
33.406,-8.297,-47.124,29.792
33.446,-8.306,-47.121,29.813
33.485,-8.316,-47.117,29.833
33.525,-8.325,-47.114,29.853
33.564,-8.334,-47.11,29.873
33.603,-8.344,-47.107,29.893
33.641,-8.353,-47.103,29.913
33.68,-8.362,-47.099,29.933
33.718,-8.371,-47.095,29.952
33.756,-8.38,-47.091,29.971
33.793,-8.39,-47.087,29.991
33.831,-8.399,-47.082,30.01
33.868,-8.408,-47.078,30.029
33.905,-8.417,-47.073,30.048
33.942,-8.426,-47.068,30.067
33.979,-8.435,-47.064,30.086
34.015,-8.444,-47.059,30.105
34.052,-8.453,-47.054,30.123
34.088,-8.462,-47.049,30.142
34.124,-8.471,-47.043,30.16
34.159,-8.48,-47.038,30.179
34.195,-8.489,-47.032,30.197
34.23,-8.498,-47.027,30.215
34.265,-8.507,-47.021,30.233
34.3,-8.516,-47.015,30.252
34.335,-8.525,-47.009,30.27
34.37,-8.534,-47.003,30.288
34.404,-8.543,-46.997,30.306
34.439,-8.552,-46.991,30.323
34.473,-8.561,-46.985,30.341
34.507,-8.569,-46.978,30.359
34.54,-8.578,-46.971,30.377
34.574,-8.587,-46.965,30.394
34.607,-8.596,-46.958,30.412
34.64,-8.605,-46.951,30.429
34.673,-8.613,-46.944,30.447
34.706,-8.622,-46.937,30.464
34.739,-8.631,-46.929,30.481
34.771,-8.64,-46.922,30.498
34.804,-8.648,-46.914,30.516
34.836,-8.657,-46.906,30.533
34.867,-8.666,-46.899,30.55
34.899,-8.674,-46.891,30.566
34.931,-8.683,-46.882,30.583
34.962,-8.691,-46.874,30.6
34.993,-8.7,-46.866,30.617
35.024,-8.708,-46.857,30.633
35.054,-8.717,-46.849,30.65
35.085,-8.725,-46.84,30.666
35.115,-8.733,-46.831,30.682
35.145,-8.741,-46.822,30.699
35.175,-8.75,-46.813,30.715
35.205,-8.758,-46.803,30.731
35.235,-8.766,-46.794,30.747
35.264,-8.774,-46.784,30.763
35.293,-8.782,-46.775,30.778
35.322,-8.79,-46.765,30.794
35.351,-8.798,-46.755,30.81
35.379,-8.806,-46.745,30.825
35.407,-8.814,-46.734,30.841
35.435,-8.822,-46.724,30.856
35.463,-8.829,-46.713,30.871
35.491,-8.837,-46.703,30.887
35.518,-8.845,-46.692,30.902
35.546,-8.852,-46.681,30.917
35.573,-8.86,-46.67,30.932
35.6,-8.867,-46.659,30.946
35.626,-8.875,-46.647,30.961
35.653,-8.882,-46.636,30.976
35.679,-8.89,-46.624,30.99
35.705,-8.897,-46.613,31.005
35.731,-8.904,-46.601,31.019
35.756,-8.911,-46.589,31.033
35.782,-8.918,-46.577,31.048
35.807,-8.925,-46.565,31.062
35.832,-8.932,-46.552,31.076
35.857,-8.939,-46.54,31.09
35.881,-8.946,-46.528,31.103
35.905,-8.953,-46.515,31.117
35.93,-8.96,-46.502,31.131
35.953,-8.966,-46.489,31.144
35.977,-8.973,-46.476,31.157
36.001,-8.979,-46.463,31.171
36.024,-8.986,-46.45,31.184
36.047,-8.992,-46.437,31.197
36.07,-8.999,-46.424,31.21
36.092,-9.005,-46.41,31.223
36.115,-9.011,-46.397,31.236
36.137,-9.017,-46.383,31.248
36.159,-9.023,-46.37,31.261
36.18,-9.029,-46.356,31.273
36.202,-9.035,-46.342,31.285
36.223,-9.041,-46.328,31.298
36.244,-9.047,-46.315,31.31
36.265,-9.053,-46.301,31.322
36.285,-9.058,-46.287,31.334
36.305,-9.064,-46.273,31.345
36.325,-9.07,-46.259,31.357
36.345,-9.075,-46.245,31.369
36.365,-9.08,-46.231,31.38
36.384,-9.086,-46.217,31.391
36.403,-9.091,-46.203,31.402
36.422,-9.096,-46.189,31.413
36.44,-9.101,-46.176,31.424
36.458,-9.106,-46.162,31.435
36.476,-9.111,-46.148,31.446
36.494,-9.116,-46.134,31.456
36.511,-9.121,-46.121,31.467
36.529,-9.126,-46.107,31.477
36.545,-9.131,-46.094,31.487
36.562,-9.135,-46.08,31.497
36.578,-9.14,-46.067,31.506
36.594,-9.144,-46.054,31.516
36.61,-9.149,-46.041,31.526
36.626,-9.153,-46.028,31.535
36.641,-9.157,-46.015,31.544
36.656,-9.161,-46.003,31.553
36.67,-9.165,-45.99,31.562
36.685,-9.169,-45.978,31.571
36.699,-9.173,-45.966,31.579
36.713,-9.177,-45.954,31.588
36.726,-9.181,-45.942,31.596
36.739,-9.185,-45.93,31.604
36.752,-9.188,-45.919,31.612
36.765,-9.192,-45.907,31.62
36.777,-9.195,-45.896,31.627
36.789,-9.199,-45.886,31.635
36.801,-9.202,-45.875,31.642
36.812,-9.205,-45.865,31.649
36.823,-9.208,-45.854,31.656
36.834,-9.211,-45.845,31.662
36.844,-9.214,-45.835,31.669
36.854,-9.217,-45.826,31.675
36.864,-9.22,-45.817,31.681
36.873,-9.222,-45.808,31.687
36.882,-9.225,-45.8,31.692
36.89,-9.227,-45.792,31.698
36.899,-9.23,-45.784,31.703
36.907,-9.232,-45.776,31.708
36.914,-9.234,-45.769,31.713
36.921,-9.236,-45.762,31.717
36.928,-9.238,-45.756,31.722
36.935,-9.24,-45.75,31.726
36.941,-9.242,-45.744,31.73
36.947,-9.244,-45.738,31.733
36.952,-9.245,-45.733,31.737
36.957,-9.247,-45.728,31.74
36.962,-9.248,-45.723,31.743
36.967,-9.249,-45.719,31.746
36.971,-9.251,-45.715,31.749
36.975,-9.252,-45.711,31.751
36.978,-9.253,-45.708,31.753
36.981,-9.254,-45.704,31.755
36.984,-9.254,-45.702,31.757
36.986,-9.255,-45.699,31.759
36.989,-9.256,-45.697,31.76
36.99,-9.256,-45.695,31.761
36.992,-9.257,-45.694,31.762
36.993,-9.257,-45.693,31.763
36.994,-9.257,-45.692,31.764
36.994,-9.257,-45.691,31.764
36.994,-9.257,-45.691,31.764
